1755875817498 0.14492753623188406 10
1755875818189 0.2898550724637681 20
1755875818818 0.43478260869565216 30
1755875819467 0.5797101449275363 40
1755875820109 0.7246376811594203 50
1755875820356 0.7246376811594203 50
1755875821350 0.8695652173913043 60
1755875822022 1.0144927536231885 70
1755875822687 1.1594202898550725 80
1755875823344 1.3043478260869565 90
1755875824010 1.4492753623188406 100
1755875824222 1.4492753623188406 100
1755875825138 1.5942028985507246 110
1755875825807 1.7391304347826086 120
1755875826469 1.8840579710144927 130
1755875827117 2.028985507246377 140
1755875827780 2.1739130434782608 150
1755875827995 2.1739130434782608 150
1755875828936 2.318840579710145 160
1755875829609 2.463768115942029 170
1755875830289 2.608695652173913 180
1755875830959 2.753623188405797 190
1755875831628 2.898550724637681 200
1755875831854 2.898550724637681 200
1755875832842 3.0434782608695654 210
1755875833536 3.1884057971014492 220
1755875834191 3.3333333333333335 230
1755875834852 3.4782608695652173 240
1755875835527 3.6231884057971016 250
1755875835740 3.6231884057971016 250
1755875836656 3.7681159420289854 260
1755875837325 3.9130434782608696 270
1755875837964 4.057971014492754 280
1755875838609 4.202898550724638 290
1755875839270 4.3478260869565215 300
1755875839504 4.3478260869565215 300
1755875840407 4.492753623188406 310
1755875841072 4.63768115942029 320
1755875841706 4.782608695652174 330
1755875842334 4.927536231884058 340
1755875843014 5.072463768115942 350
1755875843220 5.072463768115942 350
1755875844193 5.217391304347826 360
1755875844865 5.36231884057971 370
1755875845526 5.507246376811594 380
1755875846174 5.6521739130434785 390
1755875846810 5.797101449275362 400
1755875847083 5.797101449275362 400
1755875848055 5.942028985507246 410
1755875848746 6.086956521739131 420
1755875849404 6.231884057971015 430
1755875850058 6.3768115942028984 440
1755875850744 6.521739130434782 450
1755875850991 6.521739130434782 450
1755875852001 6.666666666666667 460
1755875852712 6.811594202898551 470
1755875853401 6.956521739130435 480
1755875854087 7.101449275362318 490
1755875854835 7.246376811594203 500
1755875855134 7.246376811594203 500
1755875856188 7.391304347826087 510
1755875856885 7.536231884057971 520
1755875857543 7.681159420289855 530
1755875858197 7.826086956521739 540
1755875858855 7.971014492753623 550
1755875859075 7.971014492753623 550
1755875859995 8.115942028985508 560
1755875860649 8.26086956521739 570
1755875861280 8.405797101449275 580
1755875861919 8.55072463768116 590
1755875862562 8.695652173913043 600
1755875862782 8.695652173913043 600
1755875863715 8.840579710144928 610
1755875864348 8.985507246376812 620
1755875864998 9.130434782608695 630
1755875865634 9.27536231884058 640
1755875866294 9.420289855072463 650
1755875866519 9.420289855072463 650
1755875867482 9.565217391304348 660
1755875868212 9.710144927536232 670
1755875868876 9.855072463768115 680
1755875869546 10.0 690
1755875870218 10.144927536231885 700
1755875870444 10.144927536231885 700
1755875871366 10.289855072463768 710
1755875872031 10.434782608695652 720
1755875872675 10.579710144927537 730
1755875873326 10.72463768115942 740
1755875873969 10.869565217391305 750
1755875874180 10.869565217391305 750
1755875875100 11.014492753623188 760
1755875875743 11.159420289855072 770
1755875876426 11.304347826086957 780
1755875877065 11.44927536231884 790
1755875877684 11.594202898550725 800
1755875877889 11.594202898550725 800
1755875878842 11.73913043478261 810
1755875879458 11.884057971014492 820
1755875880098 12.028985507246377 830
1755875880764 12.173913043478262 840
1755875881417 12.318840579710145 850
1755875881629 12.318840579710145 850
1755875882549 12.46376811594203 860
1755875883200 12.608695652173914 870
1755875883868 12.753623188405797 880
1755875884536 12.898550724637682 890
1755875885192 13.043478260869565 900
1755875885428 13.043478260869565 900
1755875886392 13.18840579710145 910
1755875887068 13.333333333333334 920
1755875887731 13.478260869565217 930
1755875888543 13.623188405797102 940
1755875889432 13.768115942028986 950
1755875889716 13.768115942028986 950
1755875891119 13.91304347826087 960
1755875891967 14.057971014492754 970
1755875892674 14.202898550724637 980
1755875893406 14.347826086956522 990
1755875894077 14.492753623188406 1000
1755875894430 14.492753623188406 1000
1755875895896 14.63768115942029 1010
1755875896850 14.782608695652174 1020
1755875897753 14.927536231884059 1030
1755875898955 15.072463768115941 1040
1755875900038 15.217391304347826 1050
1755875900303 15.217391304347826 1050
1755875901867 15.36231884057971 1060
1755875903087 15.507246376811594 1070
1755875904291 15.652173913043478 1080
1755875905656 15.797101449275363 1090
1755875906777 15.942028985507246 1100
1755875907176 15.942028985507246 1100
1755875908608 16.08695652173913 1110
1755875909778 16.231884057971016 1120
1755875910527 16.3768115942029 1130
1755875911248 16.52173913043478 1140
1755875912526 16.666666666666668 1150
1755875912911 16.666666666666668 1150
1755875914480 16.81159420289855 1160
1755875915383 16.956521739130434 1170
1755875916358 17.10144927536232 1180
1755875917368 17.246376811594203 1190
1755875918312 17.391304347826086 1200
1755875918670 17.391304347826086 1200
1755875919923 17.536231884057973 1210
1755875920755 17.681159420289855 1220
1755875921584 17.82608695652174 1230
1755875922541 17.971014492753625 1240
1755875923436 18.115942028985508 1250
1755875923696 18.115942028985508 1250
1755875924809 18.26086956521739 1260
1755875925587 18.405797101449274 1270
1755875926372 18.55072463768116 1280
1755875927151 18.695652173913043 1290
1755875927918 18.840579710144926 1300
1755875928188 18.840579710144926 1300
1755875929314 18.985507246376812 1310
1755875930058 19.130434782608695 1320
1755875930770 19.27536231884058 1330
1755875931496 19.420289855072465 1340
1755875932237 19.565217391304348 1350
1755875932471 19.565217391304348 1350
1755875933814 19.71014492753623 1360
1755875934748 19.855072463768117 1370
1755875935439 20.0 1380
1755875936129 20.144927536231883 1390
1755875936823 20.28985507246377 1400
1755875937043 20.28985507246377 1400
1755875938029 20.434782608695652 1410
1755875938728 20.579710144927535 1420
1755875939413 20.72463768115942 1430
1755875940082 20.869565217391305 1440
1755875940763 21.014492753623188 1450
1755875941046 21.014492753623188 1450
1755875942136 21.159420289855074 1460
1755875942822 21.304347826086957 1470
1755875943487 21.44927536231884 1480
1755875944155 21.594202898550726 1490
1755875944859 21.73913043478261 1500
1755875945084 21.73913043478261 1500
1755875946126 21.884057971014492 1510
1755875946858 22.028985507246375 1520
1755875947543 22.17391304347826 1530
1755875948196 22.318840579710145 1540
1755875948908 22.463768115942027 1550
1755875949157 22.463768115942027 1550
1755875950390 22.608695652173914 1560
1755875951096 22.753623188405797 1570
1755875951818 22.89855072463768 1580
1755875952501 23.043478260869566 1590
1755875953179 23.18840579710145 1600
1755875953445 23.18840579710145 1600
1755875954411 23.333333333333332 1610
1755875955059 23.47826086956522 1620
1755875955726 23.6231884057971 1630
1755875956369 23.768115942028984 1640
1755875957013 23.91304347826087 1650
1755875957234 23.91304347826087 1650
1755875958263 24.057971014492754 1660
1755875958935 24.202898550724637 1670
1755875959617 24.347826086956523 1680
1755875960298 24.492753623188406 1690
1755875960974 24.63768115942029 1700
1755875961195 24.63768115942029 1700
1755875962173 24.782608695652176 1710
1755875962865 24.92753623188406 1720
1755875963512 25.0 1725
