1755875817498 2.886505126953125 10
1755875818189 3.576716899871826 20
1755875818818 3.0544331073760986 30
1755875819467 5.021748065948486 40
1755875820109 4.948606014251709 50
1755875821350 4.799410343170166 60
1755875822022 4.090183734893799 70
1755875822687 6.217959403991699 80
1755875823344 4.354971885681152 90
1755875824010 10.764323234558105 100
1755875825138 2.5327908992767334 110
1755875825807 2.7750701904296875 120
1755875826469 2.3028676509857178 130
1755875827117 3.5392136573791504 140
1755875827780 1.0936801433563232 150
1755875828936 1.1032434701919556 160
1755875829609 1.0497769117355347 170
1755875830289 1.7943296432495117 180
1755875830959 1.2965847253799438 190
1755875831628 1.8033491373062134 200
1755875832842 6.25087833404541 210
1755875833536 0.7863869667053223 220
1755875834191 1.8398723602294922 230
1755875834852 0.8224440813064575 240
1755875835527 1.6778651475906372 250
1755875836656 0.8361384272575378 260
1755875837325 0.7776171565055847 270
1755875837964 0.7164075970649719 280
1755875838609 0.7374756932258606 290
1755875839270 0.6965571641921997 300
1755875840407 0.7759113907814026 310
1755875841072 0.6682646870613098 320
1755875841706 1.170867681503296 330
1755875842334 0.8733558654785156 340
1755875843014 0.7320165634155273 350
1755875844193 0.8188929557800293 360
1755875844865 0.7623034715652466 370
1755875845526 0.686290442943573 380
1755875846174 0.7807340621948242 390
1755875846810 0.7787164449691772 400
1755875848055 2.8760666847229004 410
1755875848746 0.6666298508644104 420
1755875849404 0.7216749787330627 430
1755875850058 0.7329305410385132 440
1755875850744 0.7752726674079895 450
1755875852001 0.7319177389144897 460
1755875852712 5.863491535186768 470
1755875853401 0.700554370880127 480
1755875854087 0.6704341173171997 490
1755875854835 0.7852058410644531 500
1755875856188 0.7675367593765259 510
1755875856885 1.2318490743637085 520
1755875857543 3.9978227615356445 530
1755875858197 0.7892703413963318 540
1755875858855 0.6991059184074402 550
1755875859995 0.6763067245483398 560
1755875860649 0.9057580828666687 570
1755875861280 0.660480260848999 580
1755875861919 0.7322161793708801 590
1755875862562 138.54180908203125 600
1755875863715 1.0653133392333984 610
1755875864348 0.788464367389679 620
1755875864998 0.8491808176040649 630
1755875865634 0.8339669108390808 640
1755875866294 105.72901916503906 650
1755875867482 0.9965765476226807 660
1755875868212 1.4623751640319824 670
1755875868876 1.027180790901184 680
1755875869546 0.8238418698310852 690
1755875870218 0.7092347741127014 700
1755875871366 2.114908456802368 710
1755875872031 0.676960825920105 720
1755875872675 0.8048569560050964 730
1755875873326 2.942639112472534 740
1755875873969 0.5508992075920105 750
1755875875100 2.2857532501220703 760
1755875875743 0.6199012994766235 770
1755875876426 0.6457696557044983 780
1755875877065 1.6748454570770264 790
1755875877684 0.7637040019035339 800
1755875878842 0.9639186859130859 810
1755875879458 0.7314063310623169 820
1755875880098 0.7501114010810852 830
1755875880764 3.9294016361236572 840
1755875881417 2.229616165161133 850
1755875882549 0.6923454999923706 860
1755875883200 0.9806120991706848 870
1755875883868 0.6354376077651978 880
1755875884536 4.69228982925415 890
1755875885192 0.8628876805305481 900
1755875886392 0.9823859333992004 910
1755875887068 1.056862235069275 920
1755875887731 0.7406336665153503 930
1755875888543 1.8191906213760376 940
1755875889432 1.4624501466751099 950
1755875891119 0.7524444460868835 960
1755875891967 0.6526268720626831 970
1755875892674 0.940779447555542 980
1755875893406 0.8289520740509033 990
1755875894077 1.800647497177124 1000
1755875895896 0.7987436056137085 1010
1755875896850 1.082332730293274 1020
1755875897753 0.8703082203865051 1030
1755875898955 0.7791621685028076 1040
1755875900038 3.4686625003814697 1050
1755875901867 1.774119257926941 1060
1755875903087 0.6937595009803772 1070
1755875904291 0.8535218238830566 1080
1755875905656 0.6664550304412842 1090
1755875906777 1.2380988597869873 1100
1755875908608 0.6794705390930176 1110
1755875909778 0.5567586421966553 1120
1755875910527 0.6322453618049622 1130
1755875911248 3.786559581756592 1140
1755875912526 0.6312272548675537 1150
1755875914480 0.8387395143508911 1160
1755875915383 3.014188528060913 1170
1755875916358 0.8672052621841431 1180
1755875917368 0.5727359652519226 1190
1755875918312 0.9899303913116455 1200
1755875919923 0.7935760021209717 1210
1755875920755 1.1971244812011719 1220
1755875921584 1.022894263267517 1230
1755875922541 0.7197838425636292 1240
1755875923436 2.401832342147827 1250
1755875924809 0.863714337348938 1260
1755875925587 0.7142885327339172 1270
1755875926372 0.7727733254432678 1280
1755875927151 0.6318703889846802 1290
1755875927918 0.867729663848877 1300
1755875929314 0.7986280918121338 1310
1755875930058 1.6454862356185913 1320
1755875930770 1.7357251644134521 1330
1755875931496 0.7783599495887756 1340
1755875932237 0.843005359172821 1350
1755875933814 1.927799105644226 1360
1755875934748 1.0098059177398682 1370
1755875935439 1.7981810569763184 1380
1755875936129 0.6656966209411621 1390
1755875936823 0.8799342513084412 1400
1755875938029 0.7431547045707703 1410
1755875938728 0.6690337657928467 1420
1755875939413 0.7441294193267822 1430
1755875940082 0.8871184587478638 1440
1755875940763 0.6235285401344299 1450
1755875942136 0.9513852000236511 1460
1755875942822 0.6903122067451477 1470
1755875943487 3.3684470653533936 1480
1755875944155 0.8971337080001831 1490
1755875944859 0.9823610186576843 1500
1755875946126 15.262758255004883 1510
1755875946858 0.8405202031135559 1520
1755875947543 0.8116297721862793 1530
1755875948196 0.6488227248191833 1540
1755875948908 1.4836572408676147 1550
1755875950390 2.3543293476104736 1560
1755875951096 1.1780141592025757 1570
1755875951818 1.3751732110977173 1580
1755875952501 0.8365733027458191 1590
1755875953179 3.06780743598938 1600
1755875954411 0.7924898266792297 1610
1755875955059 0.9516469836235046 1620
1755875955726 3.6141250133514404 1630
1755875956369 0.9581459164619446 1640
1755875957013 0.8805165886878967 1650
1755875958263 1.027718424797058 1660
1755875958935 1.2655378580093384 1670
1755875959617 4.04243278503418 1680
1755875960298 0.8235699534416199 1690
1755875960974 0.757545530796051 1700
1755875962173 0.6844388842582703 1710
1755875962865 0.7835901975631714 1720
