1755875817498 9.971014492753625e-05 10
1755875818189 9.91304347826087e-05 20
1755875818818 9.860869565217392e-05 30
1755875819467 9.802898550724638e-05 40
1755875820109 9.75072463768116e-05 50
1755875821350 9.692753623188407e-05 60
1755875822022 9.634782608695652e-05 70
1755875822687 9.576811594202899e-05 80
1755875823344 9.518840579710146e-05 90
1755875824010 9.460869565217391e-05 100
1755875825138 9.402898550724638e-05 110
1755875825807 9.344927536231885e-05 120
1755875826469 9.28695652173913e-05 130
1755875827117 9.228985507246377e-05 140
1755875827780 9.171014492753624e-05 150
1755875828936 9.11304347826087e-05 160
1755875829609 9.055072463768116e-05 170
1755875830289 8.997101449275362e-05 180
1755875830959 8.939130434782609e-05 190
1755875831628 8.881159420289856e-05 200
1755875832842 8.823188405797101e-05 210
1755875833536 8.765217391304348e-05 220
1755875834191 8.707246376811595e-05 230
1755875834852 8.64927536231884e-05 240
1755875835527 8.591304347826087e-05 250
1755875836656 8.533333333333334e-05 260
1755875837325 8.475362318840581e-05 270
1755875837964 8.417391304347828e-05 280
1755875838609 8.359420289855073e-05 290
1755875839270 8.30144927536232e-05 300
1755875840407 8.243478260869565e-05 310
1755875841072 8.185507246376812e-05 320
1755875841706 8.127536231884059e-05 330
1755875842334 8.069565217391304e-05 340
1755875843014 8.011594202898551e-05 350
1755875844193 7.953623188405798e-05 360
1755875844865 7.895652173913044e-05 370
1755875845526 7.83768115942029e-05 380
1755875846174 7.779710144927537e-05 390
1755875846810 7.721739130434783e-05 400
1755875848055 7.66376811594203e-05 410
1755875848746 7.605797101449275e-05 420
1755875849404 7.547826086956522e-05 430
1755875850058 7.489855072463769e-05 440
1755875850744 7.431884057971014e-05 450
1755875852001 7.373913043478261e-05 460
1755875852712 7.315942028985508e-05 470
1755875853401 7.257971014492753e-05 480
1755875854087 7.2e-05 490
1755875854835 7.142028985507247e-05 500
1755875856188 7.084057971014492e-05 510
1755875856885 7.02608695652174e-05 520
1755875857543 6.968115942028985e-05 530
1755875858197 6.910144927536232e-05 540
1755875858855 6.852173913043478e-05 550
1755875859995 6.794202898550724e-05 560
1755875860649 6.736231884057971e-05 570
1755875861280 6.678260869565218e-05 580
1755875861919 6.620289855072464e-05 590
1755875862562 6.562318840579711e-05 600
1755875863715 6.504347826086957e-05 610
1755875864348 6.446376811594204e-05 620
1755875864998 6.38840579710145e-05 630
1755875865634 6.330434782608696e-05 640
1755875866294 6.272463768115943e-05 650
1755875867482 6.21449275362319e-05 660
1755875868212 6.156521739130435e-05 670
1755875868876 6.098550724637682e-05 680
1755875869546 6.040579710144928e-05 690
1755875870218 5.982608695652174e-05 700
1755875871366 5.9246376811594204e-05 710
1755875872031 5.866666666666667e-05 720
1755875872675 5.8086956521739133e-05 730
1755875873326 5.7507246376811595e-05 740
1755875873969 5.6927536231884057e-05 750
1755875875100 5.6347826086956525e-05 760
1755875875743 5.5768115942028986e-05 770
1755875876426 5.518840579710145e-05 780
1755875877065 5.4608695652173916e-05 790
1755875877684 5.402898550724638e-05 800
1755875878842 5.344927536231884e-05 810
1755875879458 5.28695652173913e-05 820
1755875880098 5.228985507246377e-05 830
1755875880764 5.171014492753623e-05 840
1755875881417 5.113043478260869e-05 850
1755875882549 5.0550724637681154e-05 860
1755875883200 4.997101449275363e-05 870
1755875883868 4.939130434782609e-05 880
1755875884536 4.881159420289855e-05 890
1755875885192 4.8231884057971014e-05 900
1755875886392 4.765217391304348e-05 910
1755875887068 4.7072463768115944e-05 920
1755875887731 4.6492753623188405e-05 930
1755875888543 4.591304347826087e-05 940
1755875889432 4.5333333333333335e-05 950
1755875891119 4.47536231884058e-05 960
1755875891967 4.4173913043478265e-05 970
1755875892674 4.359420289855073e-05 980
1755875893406 4.3014492753623195e-05 990
1755875894077 4.2434782608695657e-05 1000
1755875895896 4.185507246376812e-05 1010
1755875896850 4.127536231884058e-05 1020
1755875897753 4.069565217391305e-05 1030
1755875898955 4.011594202898551e-05 1040
1755875900038 3.953623188405797e-05 1050
1755875901867 3.895652173913043e-05 1060
1755875903087 3.83768115942029e-05 1070
1755875904291 3.779710144927536e-05 1080
1755875905656 3.7217391304347824e-05 1090
1755875906777 3.663768115942029e-05 1100
1755875908608 3.6057971014492754e-05 1110
1755875909778 3.5478260869565216e-05 1120
1755875910527 3.4898550724637684e-05 1130
1755875911248 3.4318840579710146e-05 1140
1755875912526 3.3739130434782614e-05 1150
1755875914480 3.3159420289855075e-05 1160
1755875915383 3.257971014492754e-05 1170
1755875916358 3.2000000000000005e-05 1180
1755875917368 3.142028985507247e-05 1190
1755875918312 3.084057971014493e-05 1200
1755875919923 3.0260869565217393e-05 1210
1755875920755 2.9681159420289855e-05 1220
1755875921584 2.910144927536232e-05 1230
1755875922541 2.852173913043478e-05 1240
1755875923436 2.7942028985507246e-05 1250
1755875924809 2.7362318840579708e-05 1260
1755875925587 2.6782608695652173e-05 1270
1755875926372 2.620289855072464e-05 1280
1755875927151 2.5623188405797106e-05 1290
1755875927918 2.5043478260869568e-05 1300
1755875929314 2.446376811594203e-05 1310
1755875930058 2.3884057971014494e-05 1320
1755875930770 2.330434782608696e-05 1330
1755875931496 2.272463768115942e-05 1340
1755875932237 2.2144927536231886e-05 1350
1755875933814 2.1565217391304347e-05 1360
1755875934748 2.0985507246376812e-05 1370
1755875935439 2.0405797101449274e-05 1380
1755875936129 1.982608695652174e-05 1390
1755875936823 1.9246376811594204e-05 1400
1755875938029 1.866666666666667e-05 1410
1755875938728 1.808695652173913e-05 1420
1755875939413 1.7507246376811595e-05 1430
1755875940082 1.692753623188406e-05 1440
1755875940763 1.634782608695652e-05 1450
1755875942136 1.5768115942028987e-05 1460
1755875942822 1.5188405797101448e-05 1470
1755875943487 1.4608695652173915e-05 1480
1755875944155 1.4028985507246378e-05 1490
1755875944859 1.3449275362318841e-05 1500
1755875946126 1.2869565217391305e-05 1510
1755875946858 1.2289855072463768e-05 1520
1755875947543 1.1710144927536231e-05 1530
1755875948196 1.1130434782608696e-05 1540
1755875948908 1.055072463768116e-05 1550
1755875950390 9.971014492753623e-06 1560
1755875951096 9.391304347826087e-06 1570
1755875951818 8.81159420289855e-06 1580
1755875952501 8.231884057971016e-06 1590
1755875953179 7.652173913043479e-06 1600
1755875954411 7.072463768115941e-06 1610
1755875955059 6.492753623188406e-06 1620
1755875955726 5.9130434782608696e-06 1630
1755875956369 5.333333333333334e-06 1640
1755875957013 4.753623188405797e-06 1650
1755875958263 4.173913043478261e-06 1660
1755875958935 3.5942028985507247e-06 1670
1755875959617 3.0144927536231884e-06 1680
1755875960298 2.434782608695652e-06 1690
1755875960974 1.855072463768116e-06 1700
1755875962173 1.2753623188405796e-06 1710
1755875962865 6.956521739130435e-07 1720
