1755875817498 9.8627 10
1755875818189 9.1494 20
1755875818818 9.0553 30
1755875819467 9.0442 40
1755875820109 8.4053 50
1755875821350 7.8977 60
1755875822022 6.986 70
1755875822687 6.0544 80
1755875823344 5.5538 90
1755875824010 4.4235 100
1755875825138 3.9183 110
1755875825807 3.1897 120
1755875826469 3.165 130
1755875827117 3.0589 140
1755875827780 2.811 150
1755875828936 2.7871 160
1755875829609 2.7071 170
1755875830289 2.4673 180
1755875830959 2.543 190
1755875831628 2.5092 200
1755875832842 2.2735 210
1755875833536 2.281 220
1755875834191 2.4014 230
1755875834852 2.0986 240
1755875835527 2.183 250
1755875836656 2.1743 260
1755875837325 2.0216 270
1755875837964 2.0375 280
1755875838609 2.0297 290
1755875839270 1.9359 300
1755875840407 1.9402 310
1755875841072 1.9278 320
1755875841706 1.9046 330
1755875842334 1.771 340
1755875843014 1.7395 350
1755875844193 1.82 360
1755875844865 1.7881 370
1755875845526 1.8064 380
1755875846174 1.7672 390
1755875846810 1.6589 400
1755875848055 1.6202 410
1755875848746 1.6509 420
1755875849404 1.685 430
1755875850058 1.6811 440
1755875850744 1.5889 450
1755875852001 1.6301 460
1755875852712 1.7166 470
1755875853401 1.6012 480
1755875854087 1.6062 490
1755875854835 1.6523 500
1755875856188 1.4468 510
1755875856885 1.4305 520
1755875857543 1.571 530
1755875858197 1.6397 540
1755875858855 1.523 550
1755875859995 1.4118 560
1755875860649 1.5443 570
1755875861280 1.416 580
1755875861919 1.5524 590
1755875862562 1.4729 600
1755875863715 1.6377 610
1755875864348 1.5061 620
1755875864998 1.4399 630
1755875865634 1.4978 640
1755875866294 1.5877 650
1755875867482 1.4442 660
1755875868212 1.3128 670
1755875868876 1.3978 680
1755875869546 1.4617 690
1755875870218 1.4271 700
1755875871366 1.3795 710
1755875872031 1.4964 720
1755875872675 1.5118 730
1755875873326 1.3937 740
1755875873969 1.3017 750
1755875875100 1.3367 760
1755875875743 1.4847 770
1755875876426 1.4008 780
1755875877065 1.3544 790
1755875877684 1.3828 800
1755875878842 1.3566 810
1755875879458 1.3564 820
1755875880098 1.3457 830
1755875880764 1.5024 840
1755875881417 1.3242 850
1755875882549 1.3985 860
1755875883200 1.2906 870
1755875883868 1.3462 880
1755875884536 1.2275 890
1755875885192 1.3753 900
1755875886392 1.3813 910
1755875887068 1.3195 920
1755875887731 1.3884 930
1755875888543 1.2551 940
1755875889432 1.3042 950
1755875891119 1.3722 960
1755875891967 1.2918 970
1755875892674 1.2814 980
1755875893406 1.289 990
1755875894077 1.4255 1000
1755875895896 1.3151 1010
1755875896850 1.2848 1020
1755875897753 1.296 1030
1755875898955 1.3271 1040
1755875900038 1.2558 1050
1755875901867 1.3257 1060
1755875903087 1.3532 1070
1755875904291 1.2224 1080
1755875905656 1.1771 1090
1755875906777 1.4615 1100
1755875908608 1.2723 1110
1755875909778 1.2418 1120
1755875910527 1.23 1130
1755875911248 1.2561 1140
1755875912526 1.3029 1150
1755875914480 1.3827 1160
1755875915383 1.2694 1170
1755875916358 1.2641 1180
1755875917368 1.2146 1190
1755875918312 1.2317 1200
1755875919923 1.3308 1210
1755875920755 1.2885 1220
1755875921584 1.3842 1230
1755875922541 1.3141 1240
1755875923436 1.3996 1250
1755875924809 1.2582 1260
1755875925587 1.2754 1270
1755875926372 1.2452 1280
1755875927151 1.3155 1290
1755875927918 1.2462 1300
1755875929314 1.2516 1310
1755875930058 1.2786 1320
1755875930770 1.3536 1330
1755875931496 1.2212 1340
1755875932237 1.1467 1350
1755875933814 1.3152 1360
1755875934748 1.2959 1370
1755875935439 1.2899 1380
1755875936129 1.2396 1390
1755875936823 1.3465 1400
1755875938029 1.2462 1410
1755875938728 1.241 1420
1755875939413 1.217 1430
1755875940082 1.2087 1440
1755875940763 1.271 1450
1755875942136 1.1861 1460
1755875942822 1.247 1470
1755875943487 1.3086 1480
1755875944155 1.3018 1490
1755875944859 1.2604 1500
1755875946126 1.2518 1510
1755875946858 1.3165 1520
1755875947543 1.2588 1530
1755875948196 1.2272 1540
1755875948908 1.21 1550
1755875950390 1.3118 1560
1755875951096 1.2481 1570
1755875951818 1.2282 1580
1755875952501 1.2077 1590
1755875953179 1.2778 1600
1755875954411 1.2458 1610
1755875955059 1.244 1620
1755875955726 1.2673 1630
1755875956369 1.1976 1640
1755875957013 1.2889 1650
1755875958263 1.3115 1660
1755875958935 1.3414 1670
1755875959617 1.207 1680
1755875960298 1.1904 1690
1755875960974 1.2316 1700
1755875962173 1.2979 1710
1755875962865 1.2617 1720
